204
521
576
297
3
1
667
735
2
1
796
2
1
1
1
1
3
1
1
429
248
2
4
538
7
926
88
94
100
88
168
113
121
125
116
100
340
111
118
118
100
114
98
194
258
100
94
89
237
222
94
689
92
88
119
98
103
98
106
170
96
87
128
101
126
112
112
153
93
90
86
95
89
116
89
465
465
465
465
465
465
465
465
465
465
465
465
465
465
465
465
465
465
465
465
465
465
88
93
86
89
92
90
87
87
87
86
90
90
88
88
95
88
86
88
91
87
89
86
460
424
494
1
1
1
1
1
940
1
763
1
758
3
6
604
483
269
10
1
480
489
461
461
461
461
461
461
461
461
461
461
461
461
461
461
461
461
461
461
461
461
461
461
461
461
461
461
461
85
85
85
86
85
87
85
86
85
87
85
85
85
86
85
85
86
85
86
85
462
462
462
462
462
462
462
462
462
462
462
462
462
462
462
462
462
462
462
462
283
320
117
361
469
630
257
254
231
686
274
557
947
418
193
130
172
191
260
192
675
601
330
1
1
85
85
85
85
85
85
85
85
85
87
85
85
85
85
85
85
85
85
85
85
85
1
811
1022
1
1
1
4
2
882
623
277
8
461
461
461
461
5
461
479
461
461
461
461
461
461
461
461
461
461
461
461
461
461
461
461
867
460
460
460
461
461
461
461
461
461
461
461
461
461
461
461
461
461
461
461
461
461
461
461
461
460
460
460
460
460
125
147
255
150
304
257
120
198
364
247
533
143
182
305
152
202
152
321
285
162
125
99
165
116
126
643
154
87
85
85
460
86
86
460
86
460
86
85
86
86
86
88
86
86
85
86
86
86
85
460
86
85
88
85
460
460
460
460
460
460
460
460
213
248
134
297
241
403
666
106
130
282
212
296
287
409
472
119
116
178
162
124
150
921
221
460
635
364
327
1
1
939
1014
1
438
855
1
910
1
845
1
1
766
372
151
2
921
431
5
461
338
713
151
1
543
392
773
832
279
465
1
338
616
249
1
1
247
268
123
589
325
2
249
207
298
156
674
602
391
1
2
2
1
3
1
1
1
1
1
1
1
3
3
885
731
294
4
533
14
883
462
462
462
462
462
462
474
462
462
462
462
462
462
462
462
462
462
462
462
462
462
462
462
462
462
242
614
457
1
339
588
562
451
375
394
1
358
477
175
115
1
228
1
359
295
420
241
1
615
411
587
750
1
268
289
491
466
805
225
1
918
255
230
140
492
234
2
265
195
180
421
761
221
146
226
239
374
164
131
725
145
385
209
839
266
122
184
127
1
114
94
92
96
97
148
101
97
97
133
100
90
118
90
97
96
149
122
99
97
111
239
86
459
774
355
179
585
581
197
3
2
1
908
1
1
6
984
819
1
1
1
2
2
642
558
5
1
416
13
527
124
197
285
114
1
225
317
2
671
563
1
215
138
294
207
543
455
696
151
157
206
424
197
1
207
465
465
465
465
465
465
465
465
465
465
465
465
465
465
465
465
465
465
465
465
465
465
465
1020
2
1
7
1
955
461
461
461
461
461
461
461
461
461
461
461
461
461
461
461
461
461
461
461
461
461
461
461
461
2
1
2
3
4
618
567
2
649
14
676
159
250
325
200
1015
578
436
433
1
2
311
394
634
326
615
1
946
364
318
466
371
283
4
352
89
90
96
130
120
123
104
135
112
114
189
91
97
99
99
128
100
112
154
94
91
91
160
99
104
182
92
460
460
460
460
460
460
460
460
460
460
460
460
460
460
460
460
460
460
460
460
460
460
460
460
460
460
460
